#calibration distance, laser Status, last data, fast - WARNING: NO EMPTY LINES AT THE END!
22.08.2023-13:34:26|0,1,0,0
22.08.2023-13:50:09|0,1,0,0
22.08.2023-13:51:52|0,1,2242.0,1
22.08.2023-13:52:12|0,1,2242,0
22.08.2023-13:54:39|0,1,0,0
22.08.2023-13:54:54|0,1,0,0
20.10.2023-14:50:42|0,1,337,1
20.10.2023-15:22:23|0,1,315,0
20.10.2023-15:37:42|0,1,306,1
20.10.2023-16:07:42|0,1,340,0
20.10.2023-16:08:01|0,1,340,1
20.10.2023-16:08:29|0,1,340,1
20.10.2023-16:11:50|0,1,305,0
20.10.2023-16:12:01|0,1,305,1
20.10.2023-16:13:19|0,1,303,0
20.10.2023-16:13:28|0,1,303,1
20.10.2023-16:14:29|0,1,304,0
20.10.2023-16:14:37|0,1,304,1
20.10.2023-16:16:33|0,1,303,0
20.10.2023-16:16:38|0,1,303,1
20.10.2023-17:04:47|0,1,303,0
20.10.2023-17:07:06|0,1,303,1
20.10.2023-17:07:19|0,1,303,0
20.10.2023-18:00:19|0,1,303,1
01.01.2021-00:08:48|0,1,2932,0
01.01.2021-00:02:25|0,1,2932,1
22.10.2023-11:07:31|0,1,268,1
01.01.2021-00:01:27|-1193,1,1193,1
01.01.2021-00:31:16|0,1,-23,1
26.10.2023-18:14:55|-1170,1,1170,1