
Sensorconfiglog
01.01.2021-00:11:40|80.0,10,43,2,0
01.01.2021-00:07:19|80.0,10,43,2,0
01.01.2021-00:24:32|80.0,10,43,2,0
01.01.2021-00:53:09|80.0,10,43,2,0
01.01.2021-00:53:16|80.0,10,43,2,0
01.01.2021-01:20:25|80.0,10,43,2,0
01.01.2021-03:10:55|80.0,10,43,2,0
01.01.2021-12:18:25|80.0,10,43,2,0
01.01.2021-12:40:17|80.0,10,43,2,0
01.01.2021-12:53:36|80.0,10,43,2,0
01.01.2021-13:07:33|80.0,10,43,2,0
01.01.2021-13:27:58|80.0,10,43,2,0
01.01.2021-14:25:23|80.0,10,43,2,0
01.01.2021-00:42:19|80.0,10,30,2,0,0
01.01.2021-00:43:55|80.0,10,43,2,0,0
01.01.2021-00:04:01|80.0,10,43,2,0,1
01.01.2021-00:09:15|80.0,10,43,2,0,0
01.01.2021-00:14:45|80.0,10,43,2,0,1
01.01.2021-00:03:52|80.0,10,43,2,0,1
01.01.2021-00:02:12|80.0,10,43,2,0,2
31.10.2024-13:46:06|80.0,10,43,2,1,0,1000,0
29.09.2025-11:28:18|80.0,10,43,2,1,0,1000,0
29.09.2025-11:28:36|80.0,10,43,2,1,0,1000,0
29.09.2025-11:37:49|80.0,10,43,2,1,0,1000,0
29.09.2025-11:39:11|80.0,10,43,2,1,0,1000,0
29.09.2025-11:41:27|80.0,10,43,2,1,0,1000,1
29.09.2025-11:41:40|80.0,10,43,2,1,0,1000,1
20.10.2025-12:09:18|80.0,10,43,2,1,0,901,1
20.10.2025-12:11:50|80.0,10,43,2,1,0,1,1
20.10.2025-13:30:25|80.0,10,43,2,1,0,1,1
20.10.2025-13:32:05|80.0,10,43,2,1,0,901,1
20.10.2025-13:32:21|80.0,10,43,2,1,0,1,1
20.10.2025-13:32:43|80.0,10,43,2,1,0,1,0
20.10.2025-13:32:57|80.0,10,43,2,1,0,1,1
22.10.2025-10:30:44|80.0,10,43,2,1,0,1,1
22.10.2025-10:36:52|80.0,10,43,2,1,0,1,1
22.10.2025-10:37:30|80.0,10,43,2,1,0,2,1
22.10.2025-10:38:22|80.0,10,43,2,1,0,1,1
22.10.2025-10:41:28|80.0,10,43,2,1,0,1,1
22.10.2025-10:41:34|80.0,10,43,2,1,0,1,1
22.10.2025-10:42:51|80.0,10,43,2,1,0,2,1
22.10.2025-10:42:58|80.0,10,43,2,1,0,1,1
22.10.2025-10:49:03|80.0,10,43,2,1,0,2,1
22.10.2025-10:49:09|80.0,10,43,2,1,0,1,1
22.10.2025-10:50:42|80.0,10,43,2,1,0,2,1
22.10.2025-10:50:48|80.0,10,43,2,1,0,1,1
22.10.2025-10:52:19|80.0,10,43,2,1,0,2,1
22.10.2025-10:52:25|80.0,10,43,2,1,0,1,1
22.10.2025-10:53:21|80.0,10,43,2,1,0,2,1
22.10.2025-10:53:27|80.0,10,43,2,1,1,1,0